S1223
  1.000000  0.001300
  0.996730  0.002540
  0.988050  0.005470
  0.974590  0.010360
  0.957370  0.017240
  0.936690  0.025740
  0.912900  0.035530
  0.886300  0.046400
  0.857260  0.058120
  0.826150  0.070490
  0.793360  0.083300
  0.759240  0.096310
  0.724170  0.109240
  0.688490  0.121840
  0.652540  0.133840
  0.616650  0.144950
  0.581120  0.154870
  0.546220  0.163310
  0.512210  0.170020
  0.479290  0.174830
  0.447610  0.177650
  0.417250  0.178460
  0.388250  0.177310
  0.360560  0.174320
  0.334090  0.169680
  0.308730  0.163550
  0.284370  0.156110
  0.260880  0.147510
  0.238160  0.137880
  0.216130  0.127370
  0.194770  0.116120
  0.174130  0.104280
  0.154350  0.092060
  0.135600  0.079710
  0.118050  0.067540
  0.101850  0.055830
  0.087130  0.044820
  0.073990  0.034680
  0.062490  0.025530
  0.052630  0.017460
  0.044300  0.010490
  0.037370  0.004540
  0.031570 -0.000570
  0.026560 -0.005060
  0.022060 -0.009130
  0.017890 -0.012860
  0.014030 -0.016260
  0.010560 -0.019160
  0.007580 -0.021340
  0.005100 -0.022700
  0.003120 -0.023310
  0.001600 -0.023340
  0.000610 -0.022730
  0.000100 -0.020530
  0.000000  0.000000
  0.000590  0.020730
  0.001680  0.032820
  0.003630  0.043440
  0.006440  0.053340
  0.010050  0.062410
  0.014430  0.070600
  0.019540  0.077990
  0.025350  0.084670
  0.031870  0.090690
  0.039080  0.096060
  0.046980  0.100800
  0.055580  0.104900
  0.064910  0.108370
  0.074970  0.111210
  0.085790  0.113420
  0.097360  0.115020
  0.109690  0.115990
  0.122780  0.116370
  0.136610  0.116160
  0.151180  0.115380
  0.166470  0.114060
  0.182440  0.112230
  0.199070  0.109930
  0.216310  0.107190
  0.234120  0.104040
  0.252460  0.100530
  0.271280  0.096680
  0.290530  0.092540
  0.310150  0.088120
  0.330090  0.083470
  0.350300  0.078620
  0.370710  0.073600
  0.391280  0.068440
  0.411940  0.063180
  0.432640  0.057880
  0.453310  0.052550
  0.473900  0.047280
  0.494350  0.042080
  0.514590  0.037040
  0.534580  0.032220
  0.554240  0.027660
  0.573520  0.023410
  0.592360  0.019480
  0.610700  0.015910
  0.628490  0.012730
  0.645670  0.009940
  0.662190  0.007550
  0.678010  0.005550
  0.693090  0.003920
  0.707410  0.002650
  0.720940  0.001700
  0.733690  0.001020
  0.745640  0.000570
  0.756820  0.000290
  0.767290  0.000130
  0.777120  0.000050
  0.786460  0.000010
  0.795440 -0.000010
  0.804200 -0.000010
  0.812930 -0.000010
  0.821730  0.000000
  0.830740  0.000000
  0.840040  0.000000
  0.849690  0.000000
  0.859720  0.000000
  0.870120  0.000000
  0.880870  0.000000
  0.891860  0.000000
  0.903010  0.000000
  0.914180  0.000010
  0.925200  0.000020
  0.935920  0.000060
  0.946200  0.000120
  0.955880  0.000230
  0.964850  0.000380
  0.972970  0.000560
  0.980110  0.000760
  0.986170  0.000960
  0.991050  0.001110
  0.994700  0.001200
  0.997090  0.001260
  0.998640  0.001280
  1.000000  0.001300