0
SECTION
2
HEADER
0
ENDSEC
0
SECTION
2
TABLES
0
ENDSEC
0
SECTION
2
ENTITIES
0
LWPOLYLINE
8
S1223
90
137
70
1
10
250.000000
20
0.325000
10
249.182500
20
0.635000
10
247.012500
20
1.367500
10
243.647500
20
2.590000
10
239.342500
20
4.310000
10
234.172500
20
6.435000
10
228.225000
20
8.882500
10
221.575000
20
11.600000
10
214.315000
20
14.530000
10
206.537500
20
17.622500
10
198.340000
20
20.825000
10
189.810000
20
24.077500
10
181.042500
20
27.310000
10
172.122500
20
30.460000
10
163.135000
20
33.460000
10
154.162500
20
36.237500
10
145.280000
20
38.717500
10
136.555000
20
40.827500
10
128.052500
20
42.505000
10
119.822500
20
43.707500
10
111.902500
20
44.412500
10
104.312500
20
44.615000
10
97.062500
20
44.327500
10
90.140000
20
43.580000
10
83.522500
20
42.420000
10
77.182500
20
40.887500
10
71.092500
20
39.027500
10
65.220000
20
36.877500
10
59.540000
20
34.470000
10
54.032500
20
31.842500
10
48.692500
20
29.030000
10
43.532500
20
26.070000
10
38.587500
20
23.015000
10
33.900000
20
19.927500
10
29.512500
20
16.885000
10
25.462500
20
13.957500
10
21.782500
20
11.205000
10
18.497500
20
8.670000
10
15.622500
20
6.382500
10
13.157500
20
4.365000
10
11.075000
20
2.622500
10
9.342500
20
1.135000
10
7.892500
20
-0.142500
10
6.640000
20
-1.265000
10
5.515000
20
-2.282500
10
4.472500
20
-3.215000
10
3.507500
20
-4.065000
10
2.640000
20
-4.790000
10
1.895000
20
-5.335000
10
1.275000
20
-5.675000
10
0.780000
20
-5.827500
10
0.400000
20
-5.835000
10
0.152500
20
-5.682500
10
0.025000
20
-5.132500
10
0.000000
20
0.000000
10
0.147500
20
5.182500
10
0.420000
20
8.205000
10
0.907500
20
10.860000
10
1.610000
20
13.335000
10
2.512500
20
15.602500
10
3.607500
20
17.650000
10
4.885000
20
19.497500
10
6.337500
20
21.167500
10
7.967500
20
22.672500
10
9.770000
20
24.015000
10
11.745000
20
25.200000
10
13.895000
20
26.225000
10
16.227500
20
27.092500
10
18.742500
20
27.802500
10
21.447500
20
28.355000
10
24.340000
20
28.755000
10
27.422500
20
28.997500
10
30.695000
20
29.092500
10
34.152500
20
29.040000
10
37.795000
20
28.845000
10
41.617500
20
28.515000
10
45.610000
20
28.057500
10
49.767500
20
27.482500
10
54.077500
20
26.797500
10
58.530000
20
26.010000
10
63.115000
20
25.132500
10
67.820000
20
24.170000
10
72.632500
20
23.135000
10
77.537500
20
22.030000
10
82.522500
20
20.867500
10
87.575000
20
19.655000
10
92.677500
20
18.400000
10
97.820000
20
17.110000
10
102.985000
20
15.795000
10
108.160000
20
14.470000
10
113.327500
20
13.137500
10
118.475000
20
11.820000
10
123.587500
20
10.520000
10
128.647500
20
9.260000
10
133.645000
20
8.055000
10
138.560000
20
6.915000
10
143.380000
20
5.852500
10
148.090000
20
4.870000
10
152.675000
20
3.977500
10
157.122500
20
3.182500
10
161.417500
20
2.485000
10
165.547500
20
1.887500
10
169.502500
20
1.387500
10
173.272500
20
0.980000
10
176.852500
20
0.662500
10
180.235000
20
0.425000
10
183.422500
20
0.255000
10
186.410000
20
0.142500
10
189.205000
20
0.072500
10
191.822500
20
0.032500
10
194.280000
20
0.012500
10
196.615000
20
0.002500
10
198.860000
20
-0.002500
10
201.050000
20
-0.002500
10
203.232500
20
-0.002500
10
205.432500
20
0.000000
10
207.685000
20
0.000000
10
210.010000
20
0.000000
10
212.422500
20
0.000000
10
214.930000
20
0.000000
10
217.530000
20
0.000000
10
220.217500
20
0.000000
10
222.965000
20
0.000000
10
225.752500
20
0.000000
10
228.545000
20
0.002500
10
231.300000
20
0.005000
10
233.980000
20
0.015000
10
236.550000
20
0.030000
10
238.970000
20
0.057500
10
241.212500
20
0.095000
10
243.242500
20
0.140000
10
245.027500
20
0.190000
10
246.542500
20
0.240000
10
247.762500
20
0.277500
10
248.675000
20
0.300000
10
249.272500
20
0.315000
10
249.660000
20
0.320000
0
LWPOLYLINE
8
NACA6412
90
161
70
1
10
331.685717
20
-57.905355
10
331.659744
20
-57.875334
10
331.581835
20
-57.785349
10
331.452017
20
-57.635634
10
331.270335
20
-57.426580
10
331.036858
20
-57.158730
10
330.751673
20
-56.832777
10
330.414896
20
-56.449565
10
330.026668
20
-56.010077
10
329.587162
20
-55.515441
10
329.096586
20
-54.966914
10
328.555185
20
-54.365887
10
327.963247
20
-53.713871
10
327.321106
20
-53.012496
10
326.629146
20
-52.263502
10
325.887806
20
-51.468732
10
325.097583
20
-50.630128
10
324.259034
20
-49.749722
10
323.372783
20
-48.829627
10
322.439520
20
-47.872036
10
321.460009
20
-46.879208
10
320.435085
20
-45.853466
10
319.365658
20
-44.797190
10
318.252717
20
-43.712809
10
317.097328
20
-42.602795
10
315.900637
20
-41.469658
10
314.663869
20
-40.315938
10
313.388331
20
-39.144204
10
312.075409
20
-37.957043
10
310.726570
20
-36.757057
10
309.343360
20
-35.546858
10
307.927403
20
-34.329063
10
306.480403
20
-33.106287
10
305.004142
20
-31.881141
10
303.500474
20
-30.656223
10
301.971334
20
-29.434114
10
300.418725
20
-28.217373
10
298.844726
20
-27.008531
10
297.251486
20
-25.810085
10
295.641222
20
-24.624490
10
294.016221
20
-23.454155
10
292.378831
20
-22.301433
10
290.731467
20
-21.168620
10
289.076603
20
-20.057939
10
287.416770
20
-18.971540
10
285.754554
20
-17.911492
10
284.054131
20
-16.864720
10
282.343217
20
-15.858754
10
280.630238
20
-14.898225
10
278.918651
20
-13.984488
10
277.211997
20
-13.118690
10
275.513889
20
-12.301774
10
273.827995
20
-11.534470
10
272.158021
20
-10.817300
10
270.507697
20
-10.150576
10
268.880759
20
-9.534405
10
267.280930
20
-8.968693
10
265.711906
20
-8.453152
10
264.177337
20
-7.987311
10
262.680810
20
-7.570524
10
261.225833
20
-7.201984
10
259.815818
20
-6.880733
10
258.454070
20
-6.605685
10
257.143765
20
-6.375635
10
255.887944
20
-6.189281
10
254.689499
20
-6.045239
10
253.551159
20
-5.942067
10
252.475480
20
-5.878282
10
251.464839
20
-5.852377
10
250.521424
20
-5.862846
10
249.647226
20
-5.908200
10
248.844033
20
-5.986987
10
248.113425
20
-6.097808
10
247.456772
20
-6.239337
10
246.875225
20
-6.410335
10
246.369720
20
-6.609665
10
245.940970
20
-6.836303
10
245.589466
20
-7.089350
10
245.315476
20
-7.368041
10
245.119047
20
-7.671751
10
245.000000
20
-8.000000
10
244.959279
20
-8.346776
10
244.997641
20
-8.706156
10
245.114346
20
-9.077920
10
245.308505
20
-9.461875
10
245.579083
20
-9.857853
10
245.924904
20
-10.265715
10
246.344656
20
-10.685349
10
246.836900
20
-11.116675
10
247.400069
20
-11.559644
10
248.032485
20
-12.014243
10
248.732359
20
-12.480495
10
249.497804
20
-12.958463
10
250.326838
20
-13.448252
10
251.217398
20
-13.950010
10
252.167343
20
-14.463931
10
253.174466
20
-14.990258
10
254.236498
20
-15.529278
10
255.351118
20
-16.081327
10
256.515960
20
-16.646787
10
257.728614
20
-17.226086
10
258.986641
20
-17.819692
10
260.287569
20
-18.428110
10
261.628903
20
-19.051880
10
263.008127
20
-19.691565
10
264.422705
20
-20.347749
10
265.870090
20
-21.021027
10
267.347720
20
-21.711993
10
268.853022
20
-22.421231
10
270.383416
20
-23.149306
10
271.936312
20
-23.896747
10
273.509115
20
-24.664039
10
275.099227
20
-25.451604
10
276.704043
20
-26.259793
10
278.320961
20
-27.088870
10
279.952569
20
-27.941861
10
281.630240
20
-28.828129
10
283.318567
20
-29.721962
10
285.014765
20
-30.622730
10
286.716054
20
-31.529736
10
288.419653
20
-32.442216
10
290.122796
20
-33.359328
10
291.822730
20
-34.280158
10
293.516726
20
-35.203712
10
295.202081
20
-36.128918
10
296.876123
20
-37.054626
10
298.536215
20
-37.979611
10
300.179764
20
-38.902572
10
301.804218
20
-39.822138
10
303.407071
20
-40.736875
10
304.985872
20
-41.645283
10
306.538218
20
-42.545812
10
308.061763
20
-43.436862
10
309.554220
20
-44.316791
10
311.013357
20
-45.183926
10
312.437004
20
-46.036567
10
313.823052
20
-46.872998
10
315.169454
20
-47.691495
10
316.474225
20
-48.490333
10
317.735447
20
-49.267795
10
318.951263
20
-50.022182
10
320.119888
20
-50.751820
10
321.239598
20
-51.455068
10
322.308741
20
-52.130322
10
323.325737
20
-52.776031
10
324.289075
20
-53.390694
10
325.197318
20
-53.972873
10
326.049106
20
-54.521197
10
326.843158
20
-55.034366
10
327.578272
20
-55.511158
10
328.253330
20
-55.950434
10
328.867300
20
-56.351139
10
329.419236
20
-56.712310
10
329.908287
20
-57.033076
10
330.333692
20
-57.312661
10
330.694788
20
-57.550390
10
330.991010
20
-57.745687
10
331.221890
20
-57.898078
10
331.387066
20
-58.007193
10
331.486276
20
-58.072769
10
331.519364
20
-58.094645
0
ENDSEC
0
EOF